 <pre>

 Contingency table for Cloud cover (octas)
 Selection: ALL     79 stations
Period: 20211110-20211130
Used {00,06,12,18} + 03 06 ... 36
 Limits   0.500000000       1.50000000       2.50000000       3.50000000       4.50000000       5.50000000       6.50000000       7.50000000    
 Each class is data <= limit, the very last > last limit
 Total number of values       57300
                                                       OBSERVATION
                                   6185      733      408      336      210      181      271      442     1077 |      9843
                                   1007      171      137      129       92      115       98      212      568 |      2529
                                    583      134      101      103       61       91       87      158      428 |      1746
                                    483      101       65       82       52       82       82      166      404 |      1517
                           REF      451       75       93       84       52       57       99      163      453 |      1527
                                    455       95       78       94       66       87      116      234      455 |      1680
                                    514      115       89       89       80      109      143      264      593 |      1996
                                    826      147      159      138      116      181      231      466     1050 |      3314
                                   3682      785      717      818      733     1194     1869     5163    18187 |     33148

                    SUM           14186     2356     1847     1873     1462     2097     2996     7268    23215 |     57300
                                                       OBSERVATION
                                   6260      737      432      349      237      209      258      478     1191 |     10151
                                    981      177      124      117       88       99      109      230      594 |      2519
                                    655      105       85       96       50       96      103      185      446 |      1821
                                    459      115       84       85       60       79       79      160      439 |      1560
                    Impact_EXP      447      104       84       77       48       75       93      162      422 |      1512
                                    424       84       84       88       68       85      105      215      459 |      1612
                                    550      112       85      112       65      111      119      261      611 |      2026
                                    766      149      170      153      102      164      225      463      997 |      3189
                                   3644      773      699      796      744     1179     1905     5114    18056 |     32910

                    SUM           14186     2356     1847     1873     1462     2097     2996     7268    23215 |     57300

