 <pre>

 Contingency table for Visibility (m)
 Selection: ALL    104 stations
Period: 20211110-20211130
Used {00,06,12,18} + 00 03 ... 36
 Limits    1000.00000       5000.00000       10000.0000       20000.0000    
 Each class is data <= limit, the very last > last limit
 Total number of values       84517
                                     OBSERVATION
                                    493      421      235      131      244 |      1524
                                    935     4238     2270     2295     5104 |     14842
                           REF      208     1387     1051     1401     4290 |      8337
                                    150      884      971     1985    10689 |     14679
                                    451     3275     4392     7951    29066 |     45135

                    SUM            2237    10205     8919    13763    49393 |     84517
                                     OBSERVATION
                                    484      414      227      138      260 |      1523
                                    944     4193     2243     2340     5127 |     14847
                    Impact_EXP      180     1375     1050     1289     4216 |      8110
                                    146      872      911     1915    10584 |     14428
                                    483     3351     4488     8081    29206 |     45609

                    SUM            2237    10205     8919    13763    49393 |     84517

