 <pre>

 Contingency table for Visibility (m)
 Selection: ALL    104 stations
Period: 20211110-20211130
Used {00,03,...,21} + 00 03 ... 36
 Limits    1000.00000       5000.00000       10000.0000       20000.0000    
 Each class is data <= limit, the very last > last limit
 Total number of values       99184
                                     OBSERVATION
                                    587      498      278      156      284 |      1803
                                   1089     5019     2624     2612     5771 |     17115
                           REF      234     1634     1266     1634     4815 |      9583
                                    171      951     1064     2164    11705 |     16055
                                    546     3817     5226     9542    35497 |     54628

                    SUM            2627    11919    10458    16108    58072 |     99184
                                     OBSERVATION
                                    574      485      267      164      304 |      1794
                                   1098     4978     2585     2667     5811 |     17139
                    Impact_EXP      204     1621     1252     1485     4710 |      9272
                                    158      916      980     2079    11657 |     15790
                                    593     3919     5374     9713    35590 |     55189

                    SUM            2627    11919    10458    16108    58072 |     99184

