 <pre>

 Contingency table for Visibility (m)
 Selection: ALL    104 stations
Period: 20211110-20211113
Used {00,06,12,18} + 00 03 ... 36
 Limits    1000.00000       5000.00000       10000.0000       20000.0000    
 Each class is data <= limit, the very last > last limit
 Total number of values       12865
                                     OBSERVATION
                                     29       24        8       13       31 |       105
                                    105      442      173      408     1018 |      2146
                           REF       37      123       84      251      776 |      1271
                                     24       81      109      301     1723 |      2238
                                     65      268      480     1152     5140 |      7105

                    SUM             260      938      854     2125     8688 |     12865
                                     OBSERVATION
                                     29       24        8       13       31 |       105
                                    105      442      173      408     1018 |      2146
                         SCATT       37      123       84      251      776 |      1271
                                     24       81      109      301     1723 |      2238
                                     65      268      480     1152     5140 |      7105

                    SUM             260      938      854     2125     8688 |     12865
                                     OBSERVATION
                                     20       33        9       13       43 |       118
                                    114      433      183      393      978 |      2101
                    Impact_EXP       25      137       87      248      804 |      1301
                                     28       84       87      296     1808 |      2303
                                     73      251      488     1175     5055 |      7042

                    SUM             260      938      854     2125     8688 |     12865

