 <pre>

 Contingency table for Cloud cover (octas)
 Selection: ALL     79 stations
Period: 20211110-20211130
Used {00,03,...,21} + 03 06 ... 36
 Limits   0.500000000       1.50000000       2.50000000       3.50000000       4.50000000       5.50000000       6.50000000       7.50000000    
 Each class is data <= limit, the very last > last limit
 Total number of values       62722
                                                       OBSERVATION
                                   6753      812      449      374      239      208      293      469     1170 |     10767
                                   1082      184      155      146       97      124      110      233      610 |      2741
                                    632      140      114      118       68       92       98      171      462 |      1895
                                    533      107       73       86       57       86       91      178      429 |      1640
                           REF      492       79       99       95       60       61      106      179      493 |      1664
                                    495      102       84      105       66       92      123      245      494 |      1806
                                    565      129      104       96       90      116      153      297      633 |      2183
                                    917      158      180      157      124      193      256      510     1169 |      3664
                                   3999      830      774      876      818     1303     2050     5675    20037 |     36362

                    SUM           15468     2541     2032     2053     1619     2275     3280     7957    25497 |     62722
                                                       OBSERVATION
                                   6842      816      477      381      268      237      278      505     1291 |     11095
                                   1060      185      142      136       91      111      124      247      633 |      2729
                                    715      106      100      108       53       95      112      197      484 |      1970
                                    503      126       93       99       63       86       88      176      486 |      1720
                    Impact_EXP      480      109       90       87       54       80      106      177      469 |      1652
                                    471       91       90       99       75       88      111      239      489 |      1753
                                    589      123      100      122       68      117      132      295      672 |      2218
                                    838      162      189      168      112      179      236      505     1080 |      3469
                                   3970      823      751      853      835     1282     2093     5616    19893 |     36116

                    SUM           15468     2541     2032     2053     1619     2275     3280     7957    25497 |     62722

